-5 1.38879e-11
-4.9 3.73757e-11
-4.8 9.85951e-11
-4.7 2.54938e-10
-4.6 6.46143e-10
-4.5 1.60523e-09
-4.4 3.90894e-09
-4.3 9.33029e-09
-4.2 2.18296e-08
-4.1 5.00622e-08
-4 1.12535e-07
-3.9 2.47960e-07
-3.8 5.35535e-07
-3.7 1.13373e-06
-3.6 2.35258e-06
-3.5 4.78512e-06
-3.4 9.54016e-06
-3.3 1.86437e-05
-3.2 3.57128e-05
-3.1 6.70548e-05
-3 0.00012341
-2.9 0.00022263
-2.8 0.000393669
-2.7 0.000682328
-2.6 0.00115923
-2.5 0.00193045
-2.4 0.00315111
-2.3 0.00504176
-2.2 0.00790705
-2.1 0.0121552
-2 0.0183156
-1.9 0.0270518
-1.8 0.0391639
-1.7 0.0555762
-1.6 0.0773047
-1.5 0.105399
-1.4 0.140858
-1.3 0.18452
-1.2 0.236928
-1.1 0.298197
-1 0.367879
-0.9 0.444858
-0.8 0.527292
-0.7 0.612626
-0.6 0.697676
-0.5 0.778801
-0.4 0.852144
-0.3 0.913931
-0.2 0.960789
-0.1 0.99005
0 1
0.1 0.99005
0.2 0.960789
0.3 0.913931
0.4 0.852144
0.5 0.778801
0.6 0.697676
0.7 0.612626
0.8 0.527292
0.9 0.444858
1 0.367879
1.1 0.298197
1.2 0.236928
1.3 0.18452
1.4 0.140858
1.5 0.105399
1.6 0.0773047
1.7 0.0555762
1.8 0.0391639
1.9 0.0270518
2 0.0183156
2.1 0.0121552
2.2 0.00790705
2.3 0.00504176
2.4 0.00315111
2.5 0.00193045
2.6 0.00115923
2.7 0.000682328
2.8 0.000393669
2.9 0.00022263
3 0.00012341
3.1 6.70548e-05
3.2 3.57128e-05
3.3 1.86437e-05
3.4 9.54016e-06
3.5 4.78512e-06
3.6 2.35258e-06
3.7 1.13373e-06
3.8 5.35535e-07
3.9 2.47960e-07
4 1.12535e-07
4.1 5.00622e-08
4.2 2.18296e-08
4.3 9.33029e-09
4.4 3.90894e-09
4.5 1.60523e-09
4.6 6.46143e-10
4.7 2.54938e-10
4.8 9.85951e-11
4.9 3.73757e-11
5 1.38879e-11
