0 0
0.1 0.0696707
0.2 -0.0058399
0.3 -0.221218
0.4 -0.399318
0.5 -0.326822
0.6 0.0524994
0.7 0.542896
0.8 0.794548
0.9 0.547516
1 -0.1455
1.1 -0.892202
1.2 -1.18163
1.3 -0.72928
1.4 0.284207
1.5 1.26578
1.6 1.55653
1.7 0.869897
1.8 -0.467671
1.9 -1.6601
2 -1.91532
2.1 -0.967425
2.2 0.694636
2.3 2.07147
2.4 2.25413
2.5 1.02021
2.6 -0.963543
2.7 -2.49607
2.8 -2.56922
2.9 -1.02687
3 1.27254
3.1 2.92997
3.2 2.85698
3.3 0.986363
3.4 -1.61948
3.5 -3.36912
3.6 -3.11396
3.7 -0.897926
3.8 2.00196
3.9 3.80944
4 3.33689
4.1 0.761123
4.2 -2.41731
4.3 -4.24676
4.4 -3.52269
4.5 -0.575837
4.6 2.8626
4.7 4.67693
4.8 3.66849
4.9 0.342271
5 -3.33469
5.1 -5.09578
5.2 -3.77167
5.3 -0.060953
5.4 3.8302
5.5 5.49914
5.6 3.82983
5.7 -0.267269
5.8 -4.34556
5.9 -5.88292
6 -3.84087
6.1 0.641228
6.2 4.87704
